
Matriu identificacions Th:0.0
-------------------------------
1  1  1  1  1  1  1  
1  1  1  1  1  1  1  
1  1  1  1  1  1  1  
1  1  1  1  1  1  1  
1  1  1  1  1  1  1  
1  1  1  1  1  1  1  
1  1  1  1  1  1  1  
-> FRR:0.0   FAR:1.0

Matriu identificacions Th:0.05
-------------------------------
1  1  1  1  1  1  1  
1  1  1  1  1  1  1  
1  1  1  1  1  1  1  
1  1  1  1  1  1  1  
1  1  1  1  1  1  1  
1  1  1  1  1  1  1  
1  1  1  1  1  1  1  
-> FRR:0.0   FAR:1.0

Matriu identificacions Th:0.1
-------------------------------
1  1  1  1  1  1  1  
1  1  1  1  1  1  1  
1  1  1  1  1  1  1  
1  1  1  1  1  1  1  
1  1  1  1  1  1  1  
1  1  1  1  1  1  1  
1  1  1  1  1  1  1  
-> FRR:0.0   FAR:1.0

Matriu identificacions Th:0.15000000000000002
-------------------------------
1  1  1  1  1  1  1  
1  1  1  1  1  1  1  
1  1  1  1  1  1  1  
1  1  1  1  1  1  1  
1  1  1  1  1  1  1  
1  1  1  1  1  1  1  
1  1  1  1  1  1  1  
-> FRR:0.0   FAR:1.0

Matriu identificacions Th:0.2
-------------------------------
1  1  1  1  1  1  1  
1  1  1  1  1  1  1  
1  1  1  1  1  1  1  
1  1  1  1  1  1  1  
1  1  1  1  1  1  1  
1  1  1  1  1  1  1  
1  1  1  1  1  1  1  
-> FRR:0.0   FAR:1.0

Matriu identificacions Th:0.25
-------------------------------
1  1  1  1  1  1  1  
1  1  1  1  1  1  1  
1  1  1  1  1  1  1  
1  1  1  1  1  1  1  
1  1  1  1  1  1  1  
1  1  1  1  1  1  1  
1  1  1  1  1  1  1  
-> FRR:0.0   FAR:1.0

Matriu identificacions Th:0.3
-------------------------------
1  1  1  1  1  1  1  
1  1  1  1  1  1  1  
1  1  1  1  1  1  1  
1  1  1  1  1  1  1  
1  1  1  1  1  1  1  
1  1  1  1  1  1  1  
1  1  1  1  1  1  1  
-> FRR:0.0   FAR:1.0

Matriu identificacions Th:0.35
-------------------------------
1  1  1  1  1  1  1  
1  1  1  1  1  1  1  
1  1  1  1  1  1  1  
1  1  1  1  1  1  1  
0  1  1  1  1  1  1  
1  1  1  1  1  1  1  
0  1  1  1  1  1  1  
-> FRR:0.0   FAR:0.9523809523809523

Matriu identificacions Th:0.39999999999999997
-------------------------------
1  1  1  1  1  1  1  
1  1  1  1  1  1  1  
1  1  1  1  1  1  1  
0  1  1  1  0  1  1  
0  1  1  1  1  1  1  
1  1  1  1  1  1  1  
0  1  1  1  1  1  1  
-> FRR:0.0   FAR:0.9047619047619048

Matriu identificacions Th:0.44999999999999996
-------------------------------
1  1  1  0  0  1  1  
1  1  0  0  0  1  1  
0  1  1  1  1  0  1  
0  1  1  1  0  0  1  
0  0  1  1  1  0  1  
0  1  1  1  0  1  0  
0  0  0  0  1  0  1  
-> FRR:0.0   FAR:0.5

Matriu identificacions Th:0.49999999999999994
-------------------------------
1  1  1  0  0  1  1  
1  1  0  0  0  1  1  
0  1  1  1  1  0  1  
0  1  1  1  0  0  1  
0  0  1  1  1  0  1  
0  1  1  1  0  1  0  
0  0  0  0  1  0  1  
-> FRR:0.0   FAR:0.5

Matriu identificacions Th:0.5499999999999999
-------------------------------
1  1  0  0  0  0  0  
0  1  0  0  0  0  0  
0  0  1  1  0  0  1  
0  1  0  1  0  0  0  
0  0  1  0  1  0  1  
0  1  0  1  0  1  0  
0  0  0  0  0  0  1  
-> FRR:0.0   FAR:0.19047619047619047

Matriu identificacions Th:0.6
-------------------------------
1  1  0  0  0  0  0  
0  0  0  0  0  0  0  
0  0  1  0  0  0  0  
0  0  0  1  0  0  0  
0  0  0  0  1  0  1  
0  0  0  0  0  1  0  
0  0  0  0  0  0  1  
-> FRR:0.14285714285714285   FAR:0.047619047619047616

Matriu identificacions Th:0.65
-------------------------------
1  0  0  0  0  0  0  
0  0  0  0  0  0  0  
0  0  1  0  0  0  0  
0  0  0  1  0  0  0  
0  0  0  0  1  0  1  
0  0  0  0  0  1  0  
0  0  0  0  0  0  1  
-> FRR:0.14285714285714285   FAR:0.023809523809523808

Matriu identificacions Th:0.7000000000000001
-------------------------------
1  0  0  0  0  0  0  
0  0  0  0  0  0  0  
0  0  1  0  0  0  0  
0  0  0  1  0  0  0  
0  0  0  0  1  0  0  
0  0  0  0  0  1  0  
0  0  0  0  0  0  1  
-> FRR:0.14285714285714285   FAR:0.0

Matriu identificacions Th:0.7500000000000001
-------------------------------
1  0  0  0  0  0  0  
0  0  0  0  0  0  0  
0  0  1  0  0  0  0  
0  0  0  0  0  0  0  
0  0  0  0  1  0  0  
0  0  0  0  0  0  0  
0  0  0  0  0  0  1  
-> FRR:0.42857142857142855   FAR:0.0

Matriu identificacions Th:0.8000000000000002
-------------------------------
1  0  0  0  0  0  0  
0  0  0  0  0  0  0  
0  0  1  0  0  0  0  
0  0  0  0  0  0  0  
0  0  0  0  1  0  0  
0  0  0  0  0  0  0  
0  0  0  0  0  0  1  
-> FRR:0.42857142857142855   FAR:0.0

Matriu identificacions Th:0.8500000000000002
-------------------------------
0  0  0  0  0  0  0  
0  0  0  0  0  0  0  
0  0  1  0  0  0  0  
0  0  0  0  0  0  0  
0  0  0  0  1  0  0  
0  0  0  0  0  0  0  
0  0  0  0  0  0  1  
-> FRR:0.5714285714285714   FAR:0.0

Matriu identificacions Th:0.9000000000000002
-------------------------------
0  0  0  0  0  0  0  
0  0  0  0  0  0  0  
0  0  1  0  0  0  0  
0  0  0  0  0  0  0  
0  0  0  0  0  0  0  
0  0  0  0  0  0  0  
0  0  0  0  0  0  0  
-> FRR:0.8571428571428571   FAR:0.0

Matriu identificacions Th:0.9500000000000003
-------------------------------
0  0  0  0  0  0  0  
0  0  0  0  0  0  0  
0  0  1  0  0  0  0  
0  0  0  0  0  0  0  
0  0  0  0  0  0  0  
0  0  0  0  0  0  0  
0  0  0  0  0  0  0  
-> FRR:0.8571428571428571   FAR:0.0


graph=[0.0,1.0,0.0;0.05,1.0,0.0;0.1,1.0,0.0;0.15000000000000002,1.0,0.0;0.2,1.0,0.0;0.25,1.0,0.0;0.3,1.0,0.0;0.35,0.9523809523809523,0.0;0.39999999999999997,0.9047619047619048,0.0;0.44999999999999996,0.5,0.0;0.49999999999999994,0.5,0.0;0.5499999999999999,0.19047619047619047,0.0;0.6,0.047619047619047616,0.14285714285714285;0.65,0.023809523809523808,0.14285714285714285;0.7000000000000001,0.0,0.14285714285714285;0.7500000000000001,0.0,0.42857142857142855;0.8000000000000002,0.0,0.42857142857142855;0.8500000000000002,0.0,0.5714285714285714;0.9000000000000002,0.0,0.8571428571428571;0.9500000000000003,0.0,0.8571428571428571;]

